%OpenBCI Raw EXG Data
%Number of channels = 4
%Sample Rate = 200 Hz
%Board = OpenBCI_GUI$BoardGanglionNative
Sample Index, EXG Channel 0, EXG Channel 1, EXG Channel 2, EXG Channel 3, Accel Channel 0, Accel Channel 1, Accel Channel 2, Other, Other, Other, Other, Other, Timestamp, Other, Timestamp (Formatted)
0.0, -15.142854920588434, -279.3424774403684, 34.003170397132635, -121.6851248582825, 0.0, 0.0, 0.0, 0.0, 0.0, 0.0, 0.0, 0.0, 1.715101402290505E9, 0.0, 2024-05-07 12:03:22.290
1.0, 98.29579053539783, -176.74206205597147, 112.40269316826016, -31.03368983231485, 0.0, 1.008000047877431, 0.0, 0.0, 0.0, 0.0, 0.0, 0.0, 1.7151014022910852E9, 0.0, 2024-05-07 12:03:22.291
1.0, -28.311042664572597, -295.0837163538672, 9.375929188914597, -108.87970741000026, 0.0, 1.008000047877431, 0.0, 0.0, 0.0, 0.0, 0.0, 0.0, 1.7151014022911007E9, 0.0, 2024-05-07 12:03:22.291
2.0, -34.354720992967486, -331.56644042162225, 17.899161187931895, -130.14477855805308, -0.0800000037997961, 1.008000047877431, 0.0, 0.0, 0.0, 0.0, 0.0, 0.0, 1.71510140232053E9, 0.0, 2024-05-07 12:03:22.320
2.0, 83.89717570599169, -182.0676795928739, 106.24307794123888, -33.154213107191026, -0.0800000037997961, 1.008000047877431, 0.0, 0.0, 0.0, 0.0, 0.0, 0.0, 1.7151014023205566E9, 0.0, 2024-05-07 12:03:22.320
3.0, 12.165894555859268, -255.08548632776365, 69.99222767073661, -100.25923801213503, -0.0800000037997961, 1.008000047877431, 0.0, 0.0, 0.0, 0.0, 0.0, 0.0, 1.7151014023210275E9, 0.0, 2024-05-07 12:03:22.321
3.0, -59.808480091392994, -323.5480949166231, -4.802031543105841, -135.78828759118915, -0.0800000037997961, 1.008000047877431, 0.0, 0.0, 0.0, 0.0, 0.0, 0.0, 1.7151014023210545E9, 0.0, 2024-05-07 12:03:22.321
4.0, 39.426025332883, -233.28934938600287, 99.17466702498496, -76.24534039665014, -0.0800000037997961, 1.008000047877431, 0.0, 0.0, 0.0, 0.0, 0.0, 0.0, 1.715101402321705E9, 0.0, 2024-05-07 12:03:22.321
4.0, 55.97134273685515, -213.95032671513036, 66.64875711034983, -49.15350511763245, -0.0800000037997961, 1.008000047877431, 0.0, 0.0, 0.0, 0.0, 0.0, 0.0, 1.7151014023217208E9, 0.0, 2024-05-07 12:03:22.321
5.0, -55.728249239735305, -334.2068097903393, -6.398968824185431, -146.08797206915915, -0.0800000037997961, 1.008000047877431, 0.0, 0.0, 0.0, 0.0, 0.0, 0.0, 1.715101402322507E9, 0.0, 2024-05-07 12:03:22.322
5.0, -12.756798748858273, -279.6304497369565, 37.11850706022233, -114.82240843959153, -0.0800000037997961, 1.008000047877431, 0.0, 0.0, 0.0, 0.0, 0.0, 0.0, 1.715101402322522E9, 0.0, 2024-05-07 12:03:22.322
6.0, 90.86086942348629, -170.67968422779813, 116.21739112306386, -37.84030775167048, -0.0800000037997961, 1.008000047877431, 0.0, 0.0, 0.0, 0.0, 0.0, 0.0, 1.715101402380417E9, 0.0, 2024-05-07 12:03:22.380
6.0, -34.68757208902389, -304.2352515454404, 13.351442841812968, -110.28216989338398, -0.0800000037997961, 1.008000047877431, 0.0, 0.0, 0.0, 0.0, 0.0, 0.0, 1.715101402380434E9, 0.0, 2024-05-07 12:03:22.380
7.0, -36.69215846527368, -297.7203458226286, 11.511412063613534, -153.1863021850586, -0.0800000037997961, 1.008000047877431, 0.0, 0.0, 0.0, 0.0, 0.0, 0.0, 1.7151014023812108E9, 0.0, 2024-05-07 12:03:22.381
7.0, 88.04472475685179, -204.42480152798817, 117.30944191012532, -38.072181548923254, -0.0800000037997961, 1.008000047877431, 0.0, 0.0, 0.0, 0.0, 0.0, 0.0, 1.715101402381224E9, 0.0, 2024-05-07 12:03:22.381
8.0, 15.737499013543129, -259.7753208721988, 56.71932272799313, -71.35729115456343, -0.0800000037997961, 1.008000047877431, 0.0, 0.0, 0.0, 0.0, 0.0, 0.0, 1.715101402381636E9, 0.0, 2024-05-07 12:03:22.381
8.0, -56.487448930740356, -335.8448859709315, 8.500792599283159, -124.92013831995428, -0.0800000037997961, 1.008000047877431, 0.0, 0.0, 0.0, 0.0, 0.0, 0.0, 1.715101402381647E9, 0.0, 2024-05-07 12:03:22.381
9.0, 18.632181579247117, -220.30067683989182, 68.80667938478291, -63.8812311431393, -0.0800000037997961, 1.008000047877431, 0.0, 0.0, 0.0, 0.0, 0.0, 0.0, 1.7151014023822122E9, 0.0, 2024-05-07 12:03:22.382
9.0, 57.26534812152386, -220.06132324272767, 96.57169665582478, -62.85275865532458, -0.0800000037997961, 1.008000047877431, 0.0, 0.0, 0.0, 0.0, 0.0, 0.0, 1.7151014023822231E9, 0.0, 2024-05-07 12:03:22.382
10.0, -54.63245855271816, -322.5757209281437, -18.800477077253163, -140.14901093952358, -0.0800000037997961, 1.008000047877431, 0.17600000835955143, 0.0, 0.0, 0.0, 0.0, 0.0, 1.7151014023829153E9, 0.0, 2024-05-07 12:03:22.382
10.0, -8.706487096846104, -269.4803612572141, 40.884586315602064, -121.77114255726337, -0.0800000037997961, 1.008000047877431, 0.17600000835955143, 0.0, 0.0, 0.0, 0.0, 0.0, 1.715101402382928E9, 0.0, 2024-05-07 12:03:22.382
11.0, 94.35767588205636, -183.586078974884, 118.38653309736401, -22.11776833795011, -0.0800000037997961, 1.008000047877431, 0.17600000835955143, 0.0, 0.0, 0.0, 0.0, 0.0, 1.7151014023839333E9, 0.0, 2024-05-07 12:03:22.383
11.0, -38.12454014830291, -310.9408921659924, 19.021131174638867, -116.99529031384736, -0.0800000037997961, 1.008000047877431, 0.17600000835955143, 0.0, 0.0, 0.0, 0.0, 0.0, 1.7151014023839488E9, 0.0, 2024-05-07 12:03:22.383
12.0, -53.11031927075237, -324.8009614017792, -17.73460558988154, -115.55916873086244, -0.09600000455975533, 1.008000047877431, 0.17600000835955143, 0.0, 0.0, 0.0, 0.0, 0.0, 1.71510140244085E9, 0.0, 2024-05-07 12:03:22.440
12.0, 82.41617532353848, -181.9928815937601, 116.41934572067112, -33.06819540821016, -0.09600000455975533, 1.008000047877431, 0.17600000835955143, 0.0, 0.0, 0.0, 0.0, 0.0, 1.7151014024408715E9, 0.0, 2024-05-07 12:03:22.440
13.0, 9.043078092858195, -257.0564136044122, 49.49009611364454, -78.35464397165924, -0.09600000455975533, 1.008000047877431, 0.17600000835955143, 0.0, 0.0, 0.0, 0.0, 0.0, 1.7151014024409258E9, 0.0, 2024-05-07 12:03:22.440
13.0, -62.8826778549701, -336.0580602684058, -20.341315858997405, -144.8425853839144, -0.09600000455975533, 1.008000047877431, 0.17600000835955143, 0.0, 0.0, 0.0, 0.0, 0.0, 1.7151014024409328E9, 0.0, 2024-05-07 12:03:22.440
14.0, 33.90219309832901, -222.54087691335008, 95.5656635677442, -52.65031157620251, -0.09600000455975533, 1.008000047877431, 0.17600000835955143, 0.0, 0.0, 0.0, 0.0, 0.0, 1.7151014024418683E9, 0.0, 2024-05-07 12:03:22.441
14.0, 53.768541662953794, -210.36750255757943, 66.4767217123881, -38.98845703806728, -0.09600000455975533, 1.008000047877431, 0.17600000835955143, 0.0, 0.0, 0.0, 0.0, 0.0, 1.7151014024418812E9, 0.0, 2024-05-07 12:03:22.441
15.0, -50.492389301769435, -335.5045550749637, 2.371096571907401, -132.83002672623843, -0.09600000455975533, 1.008000047877431, 0.17600000835955143, 0.0, 0.0, 0.0, 0.0, 0.0, 1.715101402442311E9, 0.0, 2024-05-07 12:03:22.442
15.0, -29.085201955400407, -278.6019772491418, 6.324170825071633, -109.30605600494891, -0.09600000455975533, 1.008000047877431, 0.17600000835955143, 0.0, 0.0, 0.0, 0.0, 0.0, 1.7151014024423277E9, 0.0, 2024-05-07 12:03:22.442
16.0, 84.91442849393934, -177.4040243481286, 125.35022681485862, -28.722431659698486, -0.09600000455975533, 1.008000047877431, 0.17600000835955143, 0.0, 0.0, 0.0, 0.0, 0.0, 1.7151014024428997E9, 0.0, 2024-05-07 12:03:22.442
16.0, -33.150473207235336, -288.0414847373031, 11.6722277617082, -118.65580589417368, -0.09600000455975533, 1.008000047877431, 0.17600000835955143, 0.0, 0.0, 0.0, 0.0, 0.0, 1.7151014024429123E9, 0.0, 2024-05-07 12:03:22.442
17.0, -45.245309663936496, -300.5402303892188, -4.02413235232234, -133.85101941414177, -0.09600000455975533, 1.008000047877431, 0.17600000835955143, 0.0, 0.0, 0.0, 0.0, 0.0, 1.7151014024706037E9, 0.0, 2024-05-07 12:03:22.470
17.0, 83.38480941206217, -180.45578271197155, 124.60972662363201, -39.29886873438954, -0.09600000455975533, 1.008000047877431, 0.17600000835955143, 0.0, 0.0, 0.0, 0.0, 0.0, 1.7151014024706304E9, 0.0, 2024-05-07 12:03:22.470
18.0, 3.7698191553354263, -256.3570523126982, 25.607094996608794, -87.69317416101694, -0.09600000455975533, 1.008000047877431, 0.17600000835955143, 0.0, 0.0, 0.0, 0.0, 0.0, 1.715101402471032E9, 0.0, 2024-05-07 12:03:22.471
18.0, -74.00888022314757, -312.7697032443248, 4.252266249619424, -133.6939436160028, -0.09600000455975533, 1.008000047877431, 0.17600000835955143, 0.0, 0.0, 0.0, 0.0, 0.0, 1.7151014024710464E9, 0.0, 2024-05-07 12:03:22.471
19.0, 40.6115736188367, -212.07663683732972, 65.20141582749784, -63.55585984699428, -0.09600000455975533, 1.008000047877431, 0.17600000835955143, 0.0, 0.0, 0.0, 0.0, 0.0, 1.7151014024717312E9, 0.0, 2024-05-07 12:03:22.471
19.0, 64.1392842400819, -198.90470919338986, 99.2719044238329, -55.53003454208374, -0.09600000455975533, 1.008000047877431, 0.17600000835955143, 0.0, 0.0, 0.0, 0.0, 0.0, 1.7151014024717507E9, 0.0, 2024-05-07 12:03:22.471
20.0, -51.719076487235725, -315.29039581445977, -17.28955749515444, -135.33201979659498, -0.09600000455975533, 1.008000047877431, 0.19200000911951065, 0.0, 0.0, 0.0, 0.0, 0.0, 1.7151014024726553E9, 0.0, 2024-05-07 12:03:22.472
20.0, -19.152027673088014, -254.19539013830945, 29.111381255090237, -112.48497096728534, -0.09600000455975533, 1.008000047877431, 0.19200000911951065, 0.0, 0.0, 0.0, 0.0, 0.0, 1.715101402472673E9, 0.0, 2024-05-07 12:03:22.472
21.0, 83.05943811591715, -171.56230061734095, 121.06056156568229, -28.475598262622952, -0.09600000455975533, 1.0240000486373901, 0.19200000911951065, 0.0, 0.0, 0.0, 0.0, 0.0, 1.7151014025009332E9, 0.0, 2024-05-07 12:03:22.500
21.0, -26.60190838482231, -292.77245818125084, -10.120169280096889, -112.72432456444949, -0.09600000455975533, 1.0240000486373901, 0.19200000911951065, 0.0, 0.0, 0.0, 0.0, 0.0, 1.715101402500959E9, 0.0, 2024-05-07 12:03:22.500
22.0, -58.996921801008284, -285.80876446375623, 14.652928026393056, -127.77742188610137, -0.09600000455975533, 1.0240000486373901, 0.19200000911951065, 0.0, 0.0, 0.0, 0.0, 0.0, 1.7151014025011697E9, 0.0, 2024-05-07 12:03:22.501
22.0, 87.01625226903707, -192.62167726783082, 85.77460548374802, -43.3903192859143, -0.09600000455975533, 1.0240000486373901, 0.19200000911951065, 0.0, 0.0, 0.0, 0.0, 0.0, 1.715101402501187E9, 0.0, 2024-05-07 12:03:22.501
23.0, 7.195567514747381, -262.71488223737106, 41.76720270514488, -70.89728346001357, -0.09600000455975533, 1.0240000486373901, 0.19200000911951065, 0.0, 0.0, 0.0, 0.0, 0.0, 1.7151014025305533E9, 0.0, 2024-05-07 12:03:22.530
23.0, -51.79761438630521, -315.1707190158777, -21.983131939545274, -152.75247379019856, -0.09600000455975533, 1.0240000486373901, 0.19200000911951065, 0.0, 0.0, 0.0, 0.0, 0.0, 1.7151014025305743E9, 0.0, 2024-05-07 12:03:22.530
24.0, 43.03876869007945, -212.68998043006286, 72.67373593896627, -64.4010772369802, -0.09600000455975533, 1.0240000486373901, 0.19200000911951065, 0.0, 0.0, 0.0, 0.0, 0.0, 1.715101402530979E9, 0.0, 2024-05-07 12:03:22.530
24.0, 61.04638697672635, -208.53495157929137, 80.64720264449716, -41.98785680253059, -0.09600000455975533, 1.0240000486373901, 0.19200000911951065, 0.0, 0.0, 0.0, 0.0, 0.0, 1.71510140253101E9, 0.0, 2024-05-07 12:03:22.531
25.0, -63.51846084743738, -321.18821804458275, -28.778530159033835, -128.63011907599866, -0.09600000455975533, 1.0240000486373901, 0.19200000911951065, 0.0, 0.0, 0.0, 0.0, 0.0, 1.7151014025318844E9, 0.0, 2024-05-07 12:03:22.531
25.0, -27.136714078485966, -284.3838625806384, 39.58310113102198, -87.68943426106125, -0.09600000455975533, 1.0240000486373901, 0.19200000911951065, 0.0, 0.0, 0.0, 0.0, 0.0, 1.715101402531917E9, 0.0, 2024-05-07 12:03:22.531
26.0, 89.18165434338152, -170.27203513262793, 98.12749503739178, -26.755244283005595, -0.09600000455975533, 1.0240000486373901, 0.19200000911951065, 0.0, 0.0, 0.0, 0.0, 0.0, 1.715101402532794E9, 0.0, 2024-05-07 12:03:22.532
26.0, -31.134667131118476, -294.9789991551079, 13.321523642167449, -121.99553655460477, -0.09600000455975533, 1.0240000486373901, 0.19200000911951065, 0.0, 0.0, 0.0, 0.0, 0.0, 1.715101402532817E9, 0.0, 2024-05-07 12:03:22.532
27.0, -43.00510959047824, -285.53575176699087, -16.91556749958545, -136.31561348494142, -0.09600000455975533, 1.0240000486373901, 0.19200000911951065, 0.0, 0.0, 0.0, 0.0, 0.0, 1.7151014025607786E9, 0.0, 2024-05-07 12:03:22.560
27.0, 84.32726420089602, -184.27422056673095, 117.99758350197226, -40.884586315602064, -0.09600000455975533, 1.0240000486373901, 0.19200000911951065, 0.0, 0.0, 0.0, 0.0, 0.0, 1.715101402560805E9, 0.0, 2024-05-07 12:03:22.560
28.0, 11.866702559404075, -253.694243544247, 32.05842242017388, -87.60715646203607, -0.09600000455975533, 1.0240000486373901, 0.19200000911951065, 0.0, 0.0, 0.0, 0.0, 0.0, 1.7151014025611033E9, 0.0, 2024-05-07 12:03:22.561
28.0, -62.927556654438376, -323.6864712149836, -36.69215846527368, -141.49911482352763, -0.09600000455975533, 1.0240000486373901, 0.19200000911951065, 0.0, 0.0, 0.0, 0.0, 0.0, 1.7151014025611165E9, 0.0, 2024-05-07 12:03:22.561
29.0, 35.27847628202289, -232.10380110004917, 79.94036155287176, -76.30517879594117, -0.09600000455975533, 1.0240000486373901, 0.19200000911951065, 0.0, 0.0, 0.0, 0.0, 0.0, 1.715101402590479E9, 0.0, 2024-05-07 12:03:22.590
29.0, 57.695436616428196, -213.96154641499743, 62.202016063034534, -45.327587462961674, -0.09600000455975533, 1.0240000486373901, 0.19200000911951065, 0.0, 0.0, 0.0, 0.0, 0.0, 1.7151014025905032E9, 0.0, 2024-05-07 12:03:22.590
30.0, -62.32169286161661, -318.2449167794548, -6.82531741913408, -138.2154826624319, -0.09600000455975533, 1.0240000486373901, 0.20800000987946987, 0.0, 0.0, 0.0, 0.0, 0.0, 1.715101402590834E9, 0.0, 2024-05-07 12:03:22.590
30.0, -6.589703721925616, -260.85989185934886, 9.22259329073131, -78.04049237538129, -0.09600000455975533, 1.0240000486373901, 0.20800000987946987, 0.0, 0.0, 0.0, 0.0, 0.0, 1.7151014025908437E9, 0.0, 2024-05-07 12:03:22.590
31.0, 79.47661395836622, -170.04016133537516, 136.97009597718716, -24.07747591473162, -0.09600000455975533, 1.008000047877431, 0.20800000987946987, 0.0, 0.0, 0.0, 0.0, 0.0, 1.7151014025917728E9, 0.0, 2024-05-07 12:03:22.591
31.0, -38.34519424568862, -298.6777602112852, -15.124155420809984, -111.38918028026819, -0.09600000455975533, 1.008000047877431, 0.20800000987946987, 0.0, 0.0, 0.0, 0.0, 0.0, 1.7151014025917964E9, 0.0, 2024-05-07 12:03:22.591
32.0, -50.885078797116876, -302.1259479704313, 3.62770295701921, -134.47932260669768, -0.0800000037997961, 1.008000047877431, 0.20800000987946987, 0.0, 0.0, 0.0, 0.0, 0.0, 1.7151014025925179E9, 0.0, 2024-05-07 12:03:22.592
32.0, 74.80547891370952, -171.55482081742957, 106.46373203862458, -31.531096526421607, -0.0800000037997961, 1.008000047877431, 0.20800000987946987, 0.0, 0.0, 0.0, 0.0, 0.0, 1.7151014025925364E9, 0.0, 2024-05-07 12:03:22.592
33.0, 3.455667559057474, -253.3651323481463, 53.91813766118139, -72.28852624353021, -0.0800000037997961, 1.008000047877431, 0.20800000987946987, 0.0, 0.0, 0.0, 0.0, 0.0, 1.7151014026207917E9, 0.0, 2024-05-07 12:03:22.620
33.0, -69.48360127676278, -309.6057478818111, -16.46677950490266, -130.41405135486275, -0.0800000037997961, 1.008000047877431, 0.20800000987946987, 0.0, 0.0, 0.0, 0.0, 0.0, 1.7151014026208265E9, 0.0, 2024-05-07 12:03:22.620
34.0, 43.614713283255696, -218.37088846275583, 75.0710118105635, -56.34159283246845, -0.0800000037997961, 1.008000047877431, 0.20800000987946987, 0.0, 0.0, 0.0, 0.0, 0.0, 1.7151014026212387E9, 0.0, 2024-05-07 12:03:22.621
34.0, 59.94311648979783, -207.82811048766598, 90.94314722251147, -54.490342354401946, -0.0800000037997961, 1.008000047877431, 0.20800000987946987, 0.0, 0.0, 0.0, 0.0, 0.0, 1.7151014026212528E9, 0.0, 2024-05-07 12:03:22.621
35.0, -48.61121962405741, -335.2614615778439, -22.222485536709428, -137.2543283738196, -0.0800000037997961, 1.008000047877431, 0.20800000987946987, 0.0, 0.0, 0.0, 0.0, 0.0, 1.7151014026813357E9, 0.0, 2024-05-07 12:03:22.681
35.0, -13.377622141502798, -281.45926081528887, 56.528587830252945, -108.71141191199422, -0.0800000037997961, 1.008000047877431, 0.20800000987946987, 0.0, 0.0, 0.0, 0.0, 0.0, 1.715101402681366E9, 0.0, 2024-05-07 12:03:22.681
36.0, 104.50776436179876, -160.3949593496509, 105.53623684961349, -41.1688187122345, -0.0800000037997961, 1.008000047877431, 0.20800000987946987, 0.0, 0.0, 0.0, 0.0, 0.0, 1.7151014026814885E9, 0.0, 2024-05-07 12:03:22.681
36.0, -39.55692183133215, -290.3377833100967, 16.754751801490784, -141.28220062609762, -0.0800000037997961, 1.008000047877431, 0.20800000987946987, 0.0, 0.0, 0.0, 0.0, 0.0, 1.7151014026815135E9, 0.0, 2024-05-07 12:03:22.681
37.0, -38.865040339529514, -308.8278486910276, -2.2850788729265332, -163.336390664801, -0.0800000037997961, 1.008000047877431, 0.20800000987946987, 0.0, 0.0, 0.0, 0.0, 0.0, 1.7151014027106154E9, 0.0, 2024-05-07 12:03:22.710
37.0, 81.64575593266636, -178.08468614006415, 128.2112502809614, -47.81462093349546, -0.0800000037997961, 1.008000047877431, 0.20800000987946987, 0.0, 0.0, 0.0, 0.0, 0.0, 1.7151014027106678E9, 0.0, 2024-05-07 12:03:22.710
38.0, 8.126802603714168, -255.78858751943335, 50.66442469973117, -98.90913412813097, -0.0800000037997961, 1.008000047877431, 0.20800000987946987, 0.0, 0.0, 0.0, 0.0, 0.0, 1.715101402710938E9, 0.0, 2024-05-07 12:03:22.710
38.0, -59.53172749467194, -311.25504376227036, -34.71375138871372, -144.1394841922447, -0.0800000037997961, 1.008000047877431, 0.20800000987946987, 0.0, 0.0, 0.0, 0.0, 0.0, 1.71510140271096E9, 0.0, 2024-05-07 12:03:22.710
39.0, 38.22177754715085, -205.61408971389756, 82.0758444275707, -90.05679093301296, -0.0800000037997961, 1.008000047877431, 0.20800000987946987, 0.0, 0.0, 0.0, 0.0, 0.0, 1.715101402770826E9, 0.0, 2024-05-07 12:03:22.770
39.0, 54.183670558035374, -211.0107653499581, 60.152550887316465, -76.92974208854139, -0.0800000037997961, 1.008000047877431, 0.20800000987946987, 0.0, 0.0, 0.0, 0.0, 0.0, 1.7151014027708538E9, 0.0, 2024-05-07 12:03:22.770
40.0, -69.24050777964294, -336.53676746273413, -1.6679953802376986, -168.39647530484945, -0.0800000037997961, 1.008000047877431, 0.19200000911951065, 0.0, 0.0, 0.0, 0.0, 0.0, 1.7151014027709012E9, 0.0, 2024-05-07 12:03:22.770
40.0, -8.42599460016936, -276.8479641699232, 17.846802588552237, -90.96184672228992, -0.0800000037997961, 1.008000047877431, 0.19200000911951065, 0.0, 0.0, 0.0, 0.0, 0.0, 1.7151014027709072E9, 0.0, 2024-05-07 12:03:22.770
41.0, 97.43561354558915, -166.18432448105887, 132.97588282451034, -49.90148510877043, -0.0800000037997961, 1.0240000486373901, 0.19200000911951065, 0.0, 0.0, 0.0, 0.0, 0.0, 1.7151014027716594E9, 0.0, 2024-05-07 12:03:22.771
41.0, -42.77697569318116, -305.132827534806, -5.583670633845031, -134.38582510780543, -0.0800000037997961, 1.0240000486373901, 0.19200000911951065, 0.0, 0.0, 0.0, 0.0, 0.0, 1.7151014027716691E9, 0.0, 2024-05-07 12:03:22.771
42.0, -35.0166832851246, -320.11860665725544, 1.0322123877704144, -126.99204289540648, -0.0800000037997961, 1.0240000486373901, 0.19200000911951065, 0.0, 0.0, 0.0, 0.0, 0.0, 1.7151014027723684E9, 0.0, 2024-05-07 12:03:22.772
42.0, 82.7826855191961, -177.05621365224943, 116.07527492474765, -52.70267017558217, -0.0800000037997961, 1.0240000486373901, 0.19200000911951065, 0.0, 0.0, 0.0, 0.0, 0.0, 1.7151014027723799E9, 0.0, 2024-05-07 12:03:22.772
43.0, 7.307764513418078, -257.01901460485533, 25.82400919403881, -93.66205449029803, -0.0800000037997961, 1.0240000486373901, 0.19200000911951065, 0.0, 0.0, 0.0, 0.0, 0.0, 1.7151014027730262E9, 0.0, 2024-05-07 12:03:22.773
43.0, -77.25137348473072, -337.05287365661934, -10.47171987593174, -152.11669079773128, -0.0800000037997961, 1.0240000486373901, 0.19200000911951065, 0.0, 0.0, 0.0, 0.0, 0.0, 1.7151014027730348E9, 0.0, 2024-05-07 12:03:22.773
45.0, -211.506302094087, -444.2346664867364, -148.9639551350847, -220.5531200869009, -0.0800000037997961, 1.0240000486373901, 0.19200000911951065, 0.0, 0.0, 0.0, 0.0, 0.0, 1.7151014027735488E9, 0.0, 2024-05-07 12:03:22.773
45.0, -136.73822217993438, -382.6871329159476, -71.75746044982225, -198.70462454576045, -0.0800000037997961, 1.0240000486373901, 0.19200000911951065, 0.0, 0.0, 0.0, 0.0, 0.0, 1.7151014027735555E9, 0.0, 2024-05-07 12:03:22.773
47.0, -150.53845301643014, -377.5260709770955, -102.54805678501725, -211.29312779661268, -0.0800000037997961, 1.0240000486373901, 0.19200000911951065, 0.0, 0.0, 0.0, 0.0, 0.0, 1.715101402774398E9, 0.0, 2024-05-07 12:03:22.774
47.0, -20.98831855133176, -253.74286224367097, 31.594674825668335, -120.41355887334794, -0.0800000037997961, 1.0240000486373901, 0.19200000911951065, 0.0, 0.0, 0.0, 0.0, 0.0, 1.7151014027744043E9, 0.0, 2024-05-07 12:03:22.774
51.0, 95.28891097102314, -143.36345495143905, 114.50825684331357, -41.284755610860884, -0.0800000037997961, 1.0240000486373901, 0.19200000911951065, 0.0, 0.0, 0.0, 0.0, 0.0, 1.7151014028006325E9, 0.0, 2024-05-07 12:03:22.800
51.0, -31.80410922318697, -286.4221080564894, -3.781038855202496, -121.30365506280214, -0.0800000037997961, 1.0240000486373901, 0.19200000911951065, 0.0, 0.0, 0.0, 0.0, 0.0, 1.7151014028006532E9, 0.0, 2024-05-07 12:03:22.800
52.0, -28.857068058103323, -297.58196952426806, -31.912566321901977, -128.9480105722323, -0.09600000455975533, 1.0240000486373901, 0.19200000911951065, 0.0, 0.0, 0.0, 0.0, 0.0, 1.7151014028011289E9, 0.0, 2024-05-07 12:03:22.801
52.0, 80.65094254445285, -167.62418596399948, 119.10833378881216, -35.91051937453449, -0.09600000455975533, 1.0240000486373901, 0.19200000911951065, 0.0, 0.0, 0.0, 0.0, 0.0, 1.7151014028011425E9, 0.0, 2024-05-07 12:03:22.801
53.0, 15.838476312346756, -247.3177141197957, 10.396921876817942, -93.92384748719633, -0.09600000455975533, 1.0240000486373901, 0.19200000911951065, 0.0, 0.0, 0.0, 0.0, 0.0, 1.71510140283091E9, 0.0, 2024-05-07 12:03:22.830
53.0, -58.72016920428723, -316.0608152053319, -2.0681646754965186, -125.87755270861089, -0.09600000455975533, 1.0240000486373901, 0.19200000911951065, 0.0, 0.0, 0.0, 0.0, 0.0, 1.7151014028309343E9, 0.0, 2024-05-07 12:03:22.830
54.0, 52.960723272524774, -210.1206691605039, 74.2220545206219, -68.17463629227132, -0.09600000455975533, 1.0240000486373901, 0.19200000911951065, 0.0, 0.0, 0.0, 0.0, 0.0, 1.715101402830992E9, 0.0, 2024-05-07 12:03:22.830
54.0, 67.30323960259557, -197.93981500482187, 83.77749890740961, -50.862639397382736, -0.09600000455975533, 1.0240000486373901, 0.19200000911951065, 0.0, 0.0, 0.0, 0.0, 0.0, 1.7151014028309972E9, 0.0, 2024-05-07 12:03:22.830
55.0, -48.67853782325983, -320.71325075021014, -39.11935353651643, -144.37509788945317, -0.09600000455975533, 1.0240000486373901, 0.19200000911951065, 0.0, 0.0, 0.0, 0.0, 0.0, 1.7151014028316083E9, 0.0, 2024-05-07 12:03:22.831
55.0, 4.506579446606338, -253.16691765049472, 59.326032997108996, -78.17886867374182, -0.09600000455975533, 1.0240000486373901, 0.19200000911951065, 0.0, 0.0, 0.0, 0.0, 0.0, 1.7151014028316157E9, 0.0, 2024-05-07 12:03:22.831
56.0, 95.98079246282578, -165.4288646900095, 112.2381375702098, -43.74560978170484, -0.09600000455975533, 1.0240000486373901, 0.19200000911951065, 0.0, 0.0, 0.0, 0.0, 0.0, 1.7151014028325367E9, 0.0, 2024-05-07 12:03:22.832
56.0, -24.451465910300612, -287.2187067470513, -11.474013064056635, -120.37615987379104, -0.09600000455975533, 1.0240000486373901, 0.19200000911951065, 0.0, 0.0, 0.0, 0.0, 0.0, 1.7151014028325438E9, 0.0, 2024-05-07 12:03:22.832
57.0, -36.411665968596935, -299.57907610060647, -2.8685032660141587, -142.94271620642394, -0.09600000455975533, 1.0240000486373901, 0.19200000911951065, 0.0, 0.0, 0.0, 0.0, 0.0, 1.7151014028605447E9, 0.0, 2024-05-07 12:03:22.860
57.0, 110.40184669196606, -175.90806436585262, 95.3412695704028, -48.66357822343707, -0.09600000455975533, 1.0240000486373901, 0.19200000911951065, 0.0, 0.0, 0.0, 0.0, 0.0, 1.7151014028605704E9, 0.0, 2024-05-07 12:03:22.860
58.0, 9.64146208576858, -245.84793343720958, 39.246510135009885, -101.97959199175239, -0.09600000455975533, 1.0240000486373901, 0.19200000911951065, 0.0, 0.0, 0.0, 0.0, 0.0, 1.7151014028611279E9, 0.0, 2024-05-07 12:03:22.861
58.0, -46.898345444351435, -298.17287371726707, -48.106333130039275, -163.20549416635185, -0.09600000455975533, 1.0240000486373901, 0.19200000911951065, 0.0, 0.0, 0.0, 0.0, 0.0, 1.7151014028611424E9, 0.0, 2024-05-07 12:03:22.861
59.0, 58.41723730787635, -196.82158491807058, 85.47167358733714, -67.53511339984834, -0.09600000455975533, 1.0240000486373901, 0.19200000911951065, 0.0, 0.0, 0.0, 0.0, 0.0, 1.715101402890392E9, 0.0, 2024-05-07 12:03:22.890
59.0, 66.36826461367309, -198.69527479587123, 64.26644083857536, -79.21108106151223, -0.09600000455975533, 1.0240000486373901, 0.19200000911951065, 0.0, 0.0, 0.0, 0.0, 0.0, 1.715101402890406E9, 0.0, 2024-05-07 12:03:22.890
60.0, -46.38597915042192, -308.5810152939521, -23.841862217523158, -142.8118197079748, -0.09600000455975533, 1.0240000486373901, 0.19200000911951065, 0.0, 0.0, 0.0, 0.0, 0.0, 1.715101402890836E9, 0.0, 2024-05-07 12:03:22.890
60.0, 15.513105016201735, -247.50096921762452, 4.383162748068571, -116.96163121424615, -0.09600000455975533, 1.0240000486373901, 0.19200000911951065, 0.0, 0.0, 0.0, 0.0, 0.0, 1.7151014028908446E9, 0.0, 2024-05-07 12:03:22.890
61.0, 106.6432472364977, -155.70138490526006, 98.13123493734747, -43.53617538418621, -0.09600000455975533, 1.008000047877431, 0.19200000911951065, 0.0, 0.0, 0.0, 0.0, 0.0, 1.7151014028915415E9, 0.0, 2024-05-07 12:03:22.891
61.0, -23.909180416725576, -293.47929927287623, -5.867903030477464, -134.90193130169064, -0.09600000455975533, 1.008000047877431, 0.19200000911951065, 0.0, 0.0, 0.0, 0.0, 0.0, 1.7151014028915522E9, 0.0, 2024-05-07 12:03:22.891
62.0, -22.282323936000466, -296.3141434392892, -5.587410533800721, -118.60344729479402, -0.06400000303983688, 1.008000047877431, 0.19200000911951065, 0.0, 0.0, 0.0, 0.0, 0.0, 1.7151014028924413E9, 0.0, 2024-05-07 12:03:22.892
62.0, 95.70403986610472, -172.73662920342758, 121.97683705482632, -42.24964979942888, -0.06400000303983688, 1.008000047877431, 0.19200000911951065, 0.0, 0.0, 0.0, 0.0, 0.0, 1.7151014028924477E9, 0.0, 2024-05-07 12:03:22.892
63.0, 21.77369754202664, -250.5115886819549, 21.7512581422925, -98.95027302764356, -0.06400000303983688, 1.008000047877431, 0.19200000911951065, 0.0, 0.0, 0.0, 0.0, 0.0, 1.715101402920748E9, 0.0, 2024-05-07 12:03:22.920
63.0, -40.6115736188367, -307.0214770124294, 2.090604075230658, -155.49382045771927, -0.06400000303983688, 1.008000047877431, 0.19200000911951065, 0.0, 0.0, 0.0, 0.0, 0.0, 1.7151014029207578E9, 0.0, 2024-05-07 12:03:22.920
64.0, 74.1809156211093, -210.76767185283825, 67.50893410015851, -72.7036551386118, -0.06400000303983688, 1.008000047877431, 0.19200000911951065, 0.0, 0.0, 0.0, 0.0, 0.0, 1.7151014029211411E9, 0.0, 2024-05-07 12:03:22.921
64.0, 65.13783752825111, -208.81544407596812, 83.61668320931494, -62.03746046498418, -0.06400000303983688, 1.008000047877431, 0.19200000911951065, 0.0, 0.0, 0.0, 0.0, 0.0, 1.7151014029211528E9, 0.0, 2024-05-07 12:03:22.921
65.0, -50.16701800562441, -319.25842966744676, -24.716998807154596, -142.46400901209563, -0.06400000303983688, 1.008000047877431, 0.19200000911951065, 0.0, 0.0, 0.0, 0.0, 0.0, 1.7151014029804351E9, 0.0, 2024-05-07 12:03:22.980
65.0, 4.83195074275136, -254.72271603206173, 27.41346667520702, -70.26898026745766, -0.06400000303983688, 1.008000047877431, 0.19200000911951065, 0.0, 0.0, 0.0, 0.0, 0.0, 1.7151014029804509E9, 0.0, 2024-05-07 12:03:22.980
66.0, 103.77848387043923, -175.3283798727207, 108.81986901070923, -34.51927659101784, -0.06400000303983688, 1.008000047877431, 0.19200000911951065, 0.0, 0.0, 0.0, 0.0, 0.0, 1.715101402981086E9, 0.0, 2024-05-07 12:03:22.981
66.0, -13.415021141059697, -291.84122309228405, -27.121754478663206, -109.90817989781499, -0.06400000303983688, 1.008000047877431, 0.19200000911951065, 0.0, 0.0, 0.0, 0.0, 0.0, 1.7151014029811E9, 0.0, 2024-05-07 12:03:22.981
67.0, -18.187133484520018, -296.06357014225796, 23.883001117035747, -121.51682936027646, -0.06400000303983688, 1.008000047877431, 0.19200000911951065, 0.0, 0.0, 0.0, 0.0, 0.0, 1.7151014029820385E9, 0.0, 2024-05-07 12:03:22.982
67.0, 115.45819143205881, -180.76245450833812, 88.46733345184475, -28.898206957615912, -0.06400000303983688, 1.008000047877431, 0.19200000911951065, 0.0, 0.0, 0.0, 0.0, 0.0, 1.7151014029820497E9, 0.0, 2024-05-07 12:03:22.982
68.0, 19.208126172423363, -271.6682027312927, 31.647033425047994, -83.12675631511956, -0.06400000303983688, 1.008000047877431, 0.19200000911951065, 0.0, 0.0, 0.0, 0.0, 0.0, 1.7151014029822435E9, 0.0, 2024-05-07 12:03:22.982
68.0, -40.880846415646374, -337.08653275622055, -59.03432080056518, -155.38910325895995, -0.06400000303983688, 1.008000047877431, 0.19200000911951065, 0.0, 0.0, 0.0, 0.0, 0.0, 1.715101402982252E9, 0.0, 2024-05-07 12:03:22.982
69.0, 59.61400529369712, -211.44459374481812, 82.51341272238642, -65.5866255229339, -0.06400000303983688, 1.008000047877431, 0.19200000911951065, 0.0, 0.0, 0.0, 0.0, 0.0, 1.7151014029829192E9, 0.0, 2024-05-07 12:03:22.982
69.0, 65.68760282173753, -220.382954638917, 71.39469015412033, -58.86228540260345, -0.06400000303983688, 1.008000047877431, 0.19200000911951065, 0.0, 0.0, 0.0, 0.0, 0.0, 1.7151014029829261E9, 0.0, 2024-05-07 12:03:22.982
70.0, -48.491542825475335, -332.3667790121399, -28.22128506563604, -132.44481703080237, -0.06400000303983688, 1.008000047877431, 0.1600000075995922, 0.0, 0.0, 0.0, 0.0, 0.0, 1.715101402984085E9, 0.0, 2024-05-07 12:03:22.984
70.0, -0.5385455936193466, -283.9649937856011, 38.56958824303001, -92.9701729984954, -0.06400000303983688, 1.008000047877431, 0.1600000075995922, 0.0, 0.0, 0.0, 0.0, 0.0, 1.7151014029841022E9, 0.0, 2024-05-07 12:03:22.984
72.0, -3.0367987640202045, -298.4571061138995, 26.755244283005595, -76.41363589465618, -0.0800000037997961, 1.008000047877431, 0.1600000075995922, 0.0, 0.0, 0.0, 0.0, 0.0, 1.7151014030403316E9, 0.0, 2024-05-07 12:03:23.040
72.0, 148.27955344319344, -153.9810309256427, 149.8129124250263, 2.3523970721289515, -0.0800000037997961, 1.008000047877431, 0.1600000075995922, 0.0, 0.0, 0.0, 0.0, 0.0, 1.7151014030403423E9, 0.0, 2024-05-07 12:03:23.040
73.0, 52.83356667403132, -231.77468990394846, 38.008603249676526, -51.315167292021215, -0.0800000037997961, 1.008000047877431, 0.1600000075995922, 0.0, 0.0, 0.0, 0.0, 0.0, 1.7151014030409043E9, 0.0, 2024-05-07 12:03:23.040
73.0, -7.782731807790697, -287.91058823885396, -6.716860320419073, -133.40971121937037, -0.0800000037997961, 1.008000047877431, 0.1600000075995922, 0.0, 0.0, 0.0, 0.0, 0.0, 1.7151014030409188E9, 0.0, 2024-05-07 12:03:23.040
74.0, 98.60620223172009, -178.26420133793727, 102.04317029099911, -33.9433319978416, -0.0800000037997961, 1.008000047877431, 0.1600000075995922, 0.0, 0.0, 0.0, 0.0, 0.0, 1.7151014030415728E9, 0.0, 2024-05-07 12:03:23.041
74.0, 95.1542745726183, -200.3333509764634, 85.09020379185677, -31.209465130232275, -0.0800000037997961, 1.008000047877431, 0.1600000075995922, 0.0, 0.0, 0.0, 0.0, 0.0, 1.7151014030415788E9, 0.0, 2024-05-07 12:03:23.041
75.0, -20.651727555319667, -304.1230545467697, 13.168187743984163, -105.74193134717643, -0.0800000037997961, 1.008000047877431, 0.1600000075995922, 0.0, 0.0, 0.0, 0.0, 0.0, 1.7151014030422313E9, 0.0, 2024-05-07 12:03:23.042
75.0, 40.76864941697568, -246.68193112732843, 41.43809150904417, -68.55610608775169, -0.0800000037997961, 1.008000047877431, 0.1600000075995922, 0.0, 0.0, 0.0, 0.0, 0.0, 1.7151014030422437E9, 0.0, 2024-05-07 12:03:23.042
76.0, 140.05925334058702, -153.39760653255507, 159.36087701190263, -7.65183530934155, -0.0800000037997961, 1.008000047877431, 0.1600000075995922, 0.0, 0.0, 0.0, 0.0, 0.0, 1.7151014030429387E9, 0.0, 2024-05-07 12:03:23.042
76.0, 10.46424007602036, -286.3024312579073, 9.084216992370784, -86.83673707116395, -0.0800000037997961, 1.008000047877431, 0.1600000075995922, 0.0, 0.0, 0.0, 0.0, 0.0, 1.7151014030429492E9, 0.0, 2024-05-07 12:03:23.042
77.0, -0.8152981903403997, -287.88440893916413, 28.726171559654176, -93.13472859654576, -0.0800000037997961, 1.008000047877431, 0.1600000075995922, 0.0, 0.0, 0.0, 0.0, 0.0, 1.7151014030437784E9, 0.0, 2024-05-07 12:03:23.043
77.0, 128.26734878029674, -157.5040166839026, 129.434197566472, -6.006279328837991, -0.0800000037997961, 1.008000047877431, 0.1600000075995922, 0.0, 0.0, 0.0, 0.0, 0.0, 1.7151014030437891E9, 0.0, 2024-05-07 12:03:23.043
78.0, 31.35906112845987, -240.7616694974713, 50.454990302212536, -63.2155289510265, -0.0800000037997961, 1.008000047877431, 0.1600000075995922, 0.0, 0.0, 0.0, 0.0, 0.0, 1.7151014030703707E9, 0.0, 2024-05-07 12:03:23.070
78.0, -16.795890701003373, -275.5128198857419, 29.42553285136819, -82.14316262677312, -0.0800000037997961, 1.008000047877431, 0.1600000075995922, 0.0, 0.0, 0.0, 0.0, 0.0, 1.7151014030703876E9, 0.0, 2024-05-07 12:03:23.070
79.0, 109.78850309923291, -170.51886852970347, 88.2653788542375, -36.441585168242455, -0.0800000037997961, 1.008000047877431, 0.1600000075995922, 0.0, 0.0, 0.0, 0.0, 0.0, 1.715101403070966E9, 0.0, 2024-05-07 12:03:23.070
79.0, 99.15222762525082, -182.90915708290413, 99.49629842117429, -16.07035010959953, -0.0800000037997961, 1.008000047877431, 0.1600000075995922, 0.0, 0.0, 0.0, 0.0, 0.0, 1.715101403070981E9, 0.0, 2024-05-07 12:03:23.070
80.0, -21.538083844818175, -306.29593642102554, -13.467379740439355, -113.82385515142232, -0.0800000037997961, 1.008000047877431, 0.17600000835955143, 0.0, 0.0, 0.0, 0.0, 0.0, 1.7151014031005375E9, 0.0, 2024-05-07 12:03:23.100
80.0, 41.96915730275214, -244.47913005342707, 58.07690641190857, -64.38237773720175, -0.0800000037997961, 1.008000047877431, 0.17600000835955143, 0.0, 0.0, 0.0, 0.0, 0.0, 1.7151014031005492E9, 0.0, 2024-05-07 12:03:23.100
81.0, 137.7292956681922, -149.17151958262548, 118.5398689955473, -4.876829542219639, -0.0800000037997961, 1.0240000486373901, 0.17600000835955143, 0.0, 0.0, 0.0, 0.0, 0.0, 1.7151014031009293E9, 0.0, 2024-05-07 12:03:23.100
81.0, 13.362662541680038, -280.7785990233533, 28.60275486111641, -95.83119646459818, -0.0800000037997961, 1.0240000486373901, 0.17600000835955143, 0.0, 0.0, 0.0, 0.0, 0.0, 1.7151014031009412E9, 0.0, 2024-05-07 12:03:23.100
82.0, -1.2715659849345684, -284.90744857443497, -17.35313579440117, -112.20447847060859, -0.0800000037997961, 1.0240000486373901, 0.17600000835955143, 0.0, 0.0, 0.0, 0.0, 0.0, 1.7151014031019096E9, 0.0, 2024-05-07 12:03:23.101
82.0, 141.45797592401505, -150.5702421660535, 131.92497093696147, -6.548564822413027, -0.0800000037997961, 1.0240000486373901, 0.17600000835955143, 0.0, 0.0, 0.0, 0.0, 0.0, 1.71510140310193E9, 0.0, 2024-05-07 12:03:23.101
83.0, 39.80375522840768, -247.3962520188652, 34.044309296645224, -65.16027692798525, -0.0800000037997961, 1.0240000486373901, 0.17600000835955143, 0.0, 0.0, 0.0, 0.0, 0.0, 1.7151014031026447E9, 0.0, 2024-05-07 12:03:23.102
83.0, -16.638814902864397, -290.648195006419, 3.493066558614373, -121.6851248582825, -0.0800000037997961, 1.0240000486373901, 0.17600000835955143, 0.0, 0.0, 0.0, 0.0, 0.0, 1.7151014031026592E9, 0.0, 2024-05-07 12:03:23.102
84.0, 104.97151195630431, -181.43189660040662, 125.93365120794624, -30.869134234264493, -0.0800000037997961, 1.0240000486373901, 0.17600000835955143, 0.0, 0.0, 0.0, 0.0, 0.0, 1.7151014031304111E9, 0.0, 2024-05-07 12:03:23.130
84.0, 90.07175053283572, -181.9592224941589, 75.98354739975184, -22.282323936000466, -0.0800000037997961, 1.0240000486373901, 0.17600000835955143, 0.0, 0.0, 0.0, 0.0, 0.0, 1.7151014031304283E9, 0.0, 2024-05-07 12:03:23.130
85.0, -5.703347432427108, -299.9119271966629, 24.062516314908862, -96.231365759857, -0.0800000037997961, 1.0240000486373901, 0.17600000835955143, 0.0, 0.0, 0.0, 0.0, 0.0, 1.7151014031312444E9, 0.0, 2024-05-07 12:03:23.131
85.0, 45.56320116017014, -240.01368950633332, 84.80597139522433, -62.35909186117351, -0.0800000037997961, 1.0240000486373901, 0.17600000835955143, 0.0, 0.0, 0.0, 0.0, 0.0, 1.7151014031312585E9, 0.0, 2024-05-07 12:03:23.131
86.0, 131.18447074573487, -151.1611463590525, 150.64317021518946, 14.05080413352698, -0.0800000037997961, 1.0240000486373901, 0.17600000835955143, 0.0, 0.0, 0.0, 0.0, 0.0, 1.7151014031608715E9, 0.0, 2024-05-07 12:03:23.160
86.0, 3.1265563629567623, -282.8916424983181, 20.45725275762379, -96.24258545972407, -0.0800000037997961, 1.0240000486373901, 0.17600000835955143, 0.0, 0.0, 0.0, 0.0, 0.0, 1.7151014031609068E9, 0.0, 2024-05-07 12:03:23.160
87.0, -2.692727968096733, -283.84157708706334, 29.302116152830422, -72.01177364680916, -0.0800000037997961, 1.0240000486373901, 0.17600000835955143, 0.0, 0.0, 0.0, 0.0, 0.0, 1.7151014031612487E9, 0.0, 2024-05-07 12:03:23.161
87.0, 129.15370506979525, -156.23245069896802, 154.64112326782197, -7.9098884062841535, -0.0800000037997961, 1.0240000486373901, 0.17600000835955143, 0.0, 0.0, 0.0, 0.0, 0.0, 1.715101403161268E9, 0.0, 2024-05-07 12:03:23.161
88.0, 50.44003070238978, -240.95988419512287, 35.974097673781216, -69.26668707933277, -0.0800000037997961, 1.0240000486373901, 0.17600000835955143, 0.0, 0.0, 0.0, 0.0, 0.0, 1.7151014031618333E9, 0.0, 2024-05-07 12:03:23.161
88.0, -7.281585213728249, -311.2101649628021, 39.3886263333261, -130.34673315566033, -0.0800000037997961, 1.0240000486373901, 0.17600000835955143, 0.0, 0.0, 0.0, 0.0, 0.0, 1.7151014031618502E9, 0.0, 2024-05-07 12:03:23.161
89.0, 104.39556736312807, -196.21198122529313, 101.36998829897493, -34.12284719571471, -0.0800000037997961, 1.0240000486373901, 0.17600000835955143, 0.0, 0.0, 0.0, 0.0, 0.0, 1.7151014031624525E9, 0.0, 2024-05-07 12:03:23.162
89.0, 90.27370513044298, -200.10521707916632, 102.50691788550466, -49.95758360810578, -0.0800000037997961, 1.0240000486373901, 0.17600000835955143, 0.0, 0.0, 0.0, 0.0, 0.0, 1.7151014031624727E9, 0.0, 2024-05-07 12:03:23.162
90.0, -19.238045372068882, -309.37013418460265, -15.70010001398623, -119.82639458030462, -0.0800000037997961, 1.0240000486373901, 0.1600000075995922, 0.0, 0.0, 0.0, 0.0, 0.0, 1.7151014031903749E9, 0.0, 2024-05-07 12:03:23.190
90.0, 43.0948671894148, -249.26246209675446, 64.63669093418866, -61.2894804738462, -0.0800000037997961, 1.0240000486373901, 0.1600000075995922, 0.0, 0.0, 0.0, 0.0, 0.0, 1.7151014031903896E9, 0.0, 2024-05-07 12:03:23.190
91.0, 126.67415139917284, -151.9091263501905, 142.08253921661526, -12.764278548769653, -0.0800000037997961, 1.0240000486373901, 0.1600000075995922, 0.0, 0.0, 0.0, 0.0, 0.0, 1.7151014031911352E9, 0.0, 2024-05-07 12:03:23.191
91.0, -5.961400529369712, -272.65553631959483, 10.598876474425197, -88.02602525707334, -0.0800000037997961, 1.0240000486373901, 0.1600000075995922, 0.0, 0.0, 0.0, 0.0, 0.0, 1.7151014031911469E9, 0.0, 2024-05-07 12:03:23.191
